-14.125
-15.375
-15.5
-14.0
-14.0
-14.875
-15.0
-14.0
-14.375
-14.25
-14.0
-15.75
-12.875
-14.375
-14.25
-14.125
-14.625
-14.625
-15.125
-14.5
-13.75
-13.625
-13.0
-15.0
-14.0
-14.25
-13.75
-14.25
-14.875
-14.625
-14.0
-14.875
-14.75
-12.75
-14.625
-13.25
-13.125
-13.5
-13.25
-13.875
-14.75
-15.625
-12.25
-14.625
-13.875
-14.75
-13.375
-14.875
-15.25
-13.875
-14.25
-12.625
-12.25
-15.0
-14.875
-13.75
-13.875
-13.375
-13.375
-14.75
-13.625
-14.75
-15.125
-13.5
-12.875
-13.875
-12.5
-11.875
-14.875
-13.625
-14.625
-13.75
-12.625
-14.625
-13.125
-14.375
-12.875
-14.25
-12.5
-13.125
-13.125
-14.625
-11.25
-13.375
-11.25
-13.25
-10.75
-13.5
-11.75
-11.25
-10.0
-10.625
-11.25
-11.375
-12.5
-11.75
-12.375
-11.25
-12.625
-12.875
-11.625
-11.5
-12.375
-13.625
-11.25
-13.75
-12.625
-12.0
-14.375
-12.25
-11.625
-10.5
-12.5
-11.375
-12.0
-11.75
-12.125
-11.75
-11.5
-12.75
-10.5
-10.875
-10.625
-11.0
-11.625
-11.375
-10.625
-11.875
-11.75
-11.125
-10.125
-11.375
-12.375
-10.625
-10.75
-10.625
-9.125
-7.625
-11.25
-9.25
-10.5
-10.125
-9.375
-10.125
-8.625
-8.25
-9.375
-7.875
-7.625
-9.875
-7.0
-7.875
-6.75
-6.25
-7.5
-5.0
-8.0
-7.75
-6.5
-6.875
-7.625
-4.625
-6.0
-5.375
-5.875
-4.875
-5.25
-5.0
-4.75
-5.125
-5.125
-5.25
-5.5
-5.5
-4.625
-3.75
-4.0
-4.5
-5.25
-4.25
-6.0
-2.125
-4.625
-5.5
-2.75
-3.375
-5.0
-5.0
-3.125
-4.25
-3.5
-3.875
-2.875
-5.0
-3.375
-2.5
-3.125
-3.25
-4.5
-3.5
-3.375
-4.125
-2.0
-2.25
-0.875
-1.875
-2.0
-2.5
-2.0
-1.875
-3.25
-2.375
-2.5
-2.125
-3.0
-1.125
-1.625
-1.125
-1.875
-2.0
-0.875
-1.5
-0.875
-1.0
-1.0
-1.125
-2.625
-1.625
-1.5
-1.375
-0.875
-3.125
-1.5
-1.625
-1.5
-0.625
-1.125
-0.75
-0.375
-2.25
-0.875
0.25
-0.625
-1.5
-0.625
-1.0
-1.0
-2.0
-1.0
-1.625
-1.5
-1.0
-1.25
-0.75
0.25
-0.25
0.0
-1.0
-1.125
0.125
-0.625
-0.5
-0.125
-0.375
-0.5
-0.5
-1.25
0.125
0.375
-0.625
0.125
-0.125
0.0
0.0
0.0
0.125
0.375
-0.125
0.5
-0.125
-0.625
0.25
0.5
-0.25
0.5
0.625
0.5
0.625
0.75
-0.5
0.75
0.125
0.5
0.875
-0.125
0.875
1.0
0.875
1.0
1.25
0.625
0.375
0.125
0.75
0.375
0.0
0.5
0.625
0.75
0.625
0.75
0.875
0.125
1.125
0.5
0.75
0.25
1.125
0.625
0.0
0.75
1.0
0.75
0.5
0.875
0.625
0.25
0.625
1.0
1.0
0.125
0.5
0.75
0.5
0.875
0.75
-0.75
0.375
1.25
1.25
-0.375
1.5
1.125
1.5
0.75
1.375
0.375
1.125
-0.125
0.5
1.25
0.25
0.75
0.0
0.875
1.125
1.25
1.5
0.75
0.625
0.875
1.0
0.625
0.5
1.5
0.625
0.625
0.5
0.75
1.75
1.625
0.75
1.0
0.375
0.875
0.75
0.875
1.125
1.5
1.375
1.25
1.125
1.25
0.875
1.25
1.375
0.75
1.125
0.375
1.125
1.375
1.0
1.375
0.875
1.375
0.875
1.375
1.0
0.875
0.875
0.625
1.875
1.25
1.5
1.625
1.875
0.75
1.0
0.875
1.375
1.25
1.125
1.125
0.5
1.25
1.875
1.625
0.875
1.5
1.25
1.125
1.375
1.125
1.25
0.875
1.875
1.375
1.625
1.625
1.25
0.875
1.0
1.125
1.25
1.0
1.625
1.0
1.125
1.5
1.0
1.625
1.5
0.5
0.375
1.0
1.0
2.125
1.375
1.0
1.5
1.0
1.125
1.125
0.75
1.25
1.0
1.75
0.625
1.5
2.0
1.75
1.25
2.375
1.25
1.625
1.125
0.875
1.0
0.5
1.25
1.625
1.375
1.625
1.25
0.75
0.375
0.5
0.875
1.25
0.25
0.75
1.125
0.75
1.0
1.25
0.0
0.625
1.875
1.25
1.25
0.375
1.875
1.125
1.625
1.375
1.625
0.875
1.625
0.75
1.25
1.125
1.125
0.875
1.625
1.5
1.125
1.0
1.125
1.25
1.25
0.75
0.75
0.75
1.25
1.25
1.75
1.5
1.0
1.75
0.875
1.125
2.25
1.625
1.25
1.625
0.875
1.375
1.125
0.75
1.25
1.625
1.375
1.625
0.625
0.75
1.75
1.375
2.125
1.875
1.5
1.75
1.125
1.5
0.75
1.5
1.625
1.0
2.25
1.375
2.0
1.375
1.75
1.5
1.625
1.125
1.75
1.25
1.125
0.875
2.0
1.625
1.625
1.5
2.0
1.625
2.0
1.0
2.0
1.5
2.125
1.875
1.625
0.75
2.0
0.75
2.0
1.375
2.125
2.25
1.75
1.875
1.5
2.5
1.375
2.625
1.5
3.0
2.5
2.625
2.875
2.125
2.875
2.375
3.5
2.75
2.0
2.25
3.5
3.375
3.25
2.375
3.125
2.875
2.125
3.75
3.5
4.75
4.25
5.125
3.25
3.75
3.375
3.25
1.875
3.125
2.75
3.875
4.375
4.25
4.75
4.75
4.375
4.5
5.25
4.125
4.75
4.375
4.125
5.5
4.75
4.875
5.625
5.0
4.75
4.125
5.25
4.5
4.75
4.75
3.75
3.875
2.875
3.125
5.0
5.5
4.25
5.0
4.75
5.125
4.75
5.0
5.25
4.625
5.25
5.125
4.75
4.5
5.0
5.0
5.25
4.75
4.75
5.125
4.5
3.625
5.75
3.75
4.75
4.75
5.25
4.25
4.125
4.625
5.0
5.5
5.25
5.25
5.25
4.625
4.75
5.5
4.625
4.625
4.5
4.5
2.25
5.75
3.375
3.25
4.875
4.625
4.875
5.0
4.375
5.0
4.5
5.0
4.875
2.75
4.75
5.25
3.75
4.75
3.75
3.0
4.75
5.25
3.5
5.25
4.625
3.875
4.5
4.25
5.5
4.0
4.875
5.5
5.0
4.875
3.875
5.25
4.625
5.75
5.5
5.75
4.75
4.5
4.0
5.75
5.5
5.125
5.5
5.25
5.5
5.75
5.25
4.375
4.75
5.5
5.5
5.25
4.625
5.25
5.25
5.5
5.0
5.125
5.5
5.75
5.5
5.75
5.75
4.125
3.375
5.0
4.25
5.0
4.5
3.75
5.5
5.75
5.0
5.25
5.0
4.5
5.25
5.0
5.5
4.5
3.75
4.625
4.75
5.0
5.375
4.5
5.25
5.5
4.375
5.25
5.5
5.0
5.0
5.0
5.5
5.0
5.0
4.75
4.625
4.125
5.0
5.25
5.25
5.5
4.0
4.625
5.25
3.375
5.0
5.25
3.125
5.25
4.625
5.5
4.625
4.75
5.0
5.25
4.125
5.5
5.5
3.25
4.75
3.875
3.625
5.5
5.5
4.25
5.0
5.5
5.0
5.75
5.0
5.5
5.25
3.125
5.75
5.25
5.25
4.75
5.75
4.125
5.25
6.5
5.5
4.5
5.75
4.625
5.5
3.5
4.0
4.75
5.0
4.75
5.5
5.0
4.75
3.625
4.75
4.375
5.5
4.75
4.75
5.0
5.5
4.75
5.0
5.25
5.25
5.75
6.0
4.625
5.0
4.625
5.0
4.25
4.875
5.5
5.5
5.5
5.5
5.25
4.875
5.25
5.25
4.0
5.0
5.5
4.875
5.25
4.75
5.5
4.125
4.125
5.25
5.25
5.0
4.625
4.5
4.75
5.5
5.5
5.25
5.0
5.5
5.5
5.5
5.75
5.25
5.75
5.0
5.5
5.5
3.375
4.75
4.75
4.125
5.5
5.0
5.25
5.25
5.5
4.375
3.875
5.25
5.75
5.25
5.0
5.5
5.0
5.5
3.25
4.375
5.5
5.75
5.5
4.5
3.5
5.0
5.0
5.0
5.0
3.625
4.625
4.375
4.25
5.25
5.5
5.25
4.375
5.5
4.5
4.625
4.125
5.5
6.0
4.125
5.25
5.75
5.5
5.25
3.375
3.25
5.125
5.25
4.0
5.25
5.0
4.125
5.0
4.5
4.125
5.25
3.375
5.5
5.75
5.25
5.5
5.0
4.75
5.25
5.0
4.75
6.0
5.25
5.75
4.75
2.625
5.0
5.0
4.875
5.75
4.125
4.375
3.125
5.0
4.75
5.5
4.625
4.875
4.375
4.375
4.25
5.5
4.25
5.25
3.0
5.5
5.5
5.25
4.5
4.375
5.0
5.5
5.5
5.0
3.875
4.25
6.25
5.0
3.875
5.0
4.5
5.25
5.0
5.25
5.25
6.0
4.625
5.5
5.25
5.0
2.75
4.25
4.625
5.5
5.25
5.5
5.75
5.5
4.25
5.5
5.75
5.5
5.0
5.25
6.0
4.5
4.375
5.375
0.25
4.75
5.5
4.75
4.5
4.625
5.5
5.25
4.75
5.25
5.0
4.75
5.125
2.875
5.5
5.25
4.5
4.875
5.0
5.0
4.75
5.5
5.25
4.125
5.25
4.375
5.0
5.25
4.875
5.25
5.25
5.25
5.0
5.0
5.25
4.375
4.25
4.375
5.25
6.0
4.0
4.75
5.25
5.75
3.5
4.5
5.0
4.75
5.0
5.0
5.0
5.125
5.5
5.25
6.25
5.25
5.75
4.25
5.0
2.5
5.5
5.25
4.0
5.25
2.875
2.625
6.0
5.5
3.625
4.25
4.0
5.5
4.75
4.75
5.0
4.75
5.25
6.0
5.5
4.75
4.75
5.5
3.0
5.0
5.25
4.125
5.5
2.875
5.0
5.25
5.25
2.625
4.75
6.0
4.75
4.375
5.125
5.125
5.25
5.25
4.375
4.375
5.5
4.375
5.5
5.0
5.25
5.375
5.75
5.0
5.25
5.25
5.25
4.875
5.75
5.0
3.25
5.75
4.375
4.5
4.25
5.5
5.0
5.25
4.875
4.75
4.625
6.0
4.875
5.25
6.25
4.875
5.25
5.5
3.875
5.5
5.25
5.0
4.75
5.25
5.25
5.75
5.0
5.25
5.0
3.75
3.75
5.5
4.375
5.5
5.5
5.75
5.75
5.25
5.25
5.5
4.75
5.0
3.0
5.0
5.25
5.25
3.875
4.75
5.25
3.25
4.125
5.0
4.125
5.0
5.25
5.25
5.25
5.0
5.5
4.625
5.125
5.25
5.75
5.0
5.0
5.25
5.25
5.25
4.0
3.375
